广东59071连南2473 11228 175.5 174.3
广东59072连州2481 11237 132.9 131.7
广东59074连山2457 11207 301.8 300.6
广东59075阳山2430 11257 156.4 155.2
广东59081乳源2478 11329 126.5 125.3
广东59082韶关2467 11361 122.5 121.3
广东59087佛冈2388 11352 98.4 97.2
广东59088英德2419 11341 75.6 74.4
广东59090始兴2496 11405 145.1 143.9
广东59094翁源2435 11412 178.8 177.6
广东59096连平2439 11450 284.7 283.9
广东59097新丰2404 11421 270.5 269.3
广东59099和平2447 11494 210.4 209.2
广东59106平远2456 11587 202.0 200.8
广东59107龙川2411 11528 180.8 179.6
广东59109兴宁2417 11572 124.8 123.6
广东59114蕉岭2465 11617 136.9 135.7
广东59116大埔2435 11671 225.6 224.4
广东59117梅县2428 11607 117.2 116.0
广东59264封开2340 11151 84.9 83.7
广东59268郁南2326 11154 71.8 70.6
广东59269德庆2316 11184 130.0 128.8
广东59270怀集2394 11219 108.4 107.2
广东59271广宁2364 11242 93.9 92.7
广东59276四会2334 11264 41.3 40.1
广东59278高要2299 11248 61.2 60.0
广东59279三水2320 11288 25.2 24.0
广东59280清远2371 11309 80.4 79.2
广东59284花都2342 11324 40.1 38.9
广东59285从化2358 11362 150.9 149.7
广东59287广州2321 11348 71.9 70.7
广东59288南海2315 11301 31.3 30.1
广东59289东莞2297 11374 57.2 56.0
广东59290龙门2378 11425 86.7 85.5
广东59293河源2378 11477 116.3 115.1
广东59294增城2334 11383 31.9 30.7
广东59297博罗2318 11426 51.4 50.2
广东59298惠阳2307 11437 109.7 108.5
广东59303五华2391 11575 137.1 135.9
广东59304紫金2365 11517 300.9 299.7
广东59306揭西2345 11585 82.1 80.9
广东59310丰顺2377 11617 46.5 45.3
广东59312潮州2367 11670 61.9 60.7
广东59313饶平2369 11700 91.6 90.4
广东59314普宁2340 11620 70.2 69.0
广东59315揭阳2359 11640 45.1 43.9
广东59316汕头2339 11668 3.5 2.3
广东59317惠来2298 11630 43.2 42.0
广东59318潮阳2332 11658 142.3 141.1
广东59319澄海2351 11673 43.4 42.2
广东59324南澳2343 11703 9.2 8.0
广东59456信宜2235 11093 142.6 141.4
广东59462罗定2271 11160 61.2 60.0
广东59469阳春2216 11179 38.8 37.6
广东59470新兴2276 11221 76.2 75.0
广东59471云浮2294 11205 102.6 101.4
广东59473鹤山2274 11298 48.5 47.3
广东59475开平2240 11265 30.5 29.3
广东59476新会2253 11304 37.5 36.3
广东59477恩平2227 11223 70.5 69.3
广东59478台山2225 11279 34.3 33.1
广东59480顺德2283 11323 56.5 55
广东59481番禺2296 11336 67.8 66.6
广东59485中山2251 11341 35.0 33.8
广东59487斗门2223 11330 24.3 23.1
广东59488珠海2228 11357 52.6 51.4
广东59492惠东2303 11467 86.2 85.0
广东59493深圳2254 11400 64.2 63.0
广东59500海丰2302 11531 46.8 45.6
广东59501汕尾2279 11536 17.9 16.7
广东59502陆丰2297 11565 33.2 32.0
广东59650遂溪2140 11024 30.9 29.7
广东59653高州2194 11086 78.2 77.0
广东59654廉江2163 11030 29.1 27.9
广东59655化州2165 11061 33.1 31.9
广东59656吴川2141 11081 28.5 27.3
广东59658湛江2116 11030 54.6 53.4
广东59659茂名2175 11091 34.7 33.5
广东59663阳江2185 11198 91.5 90.3
广东59664电白2155 11099 33.0 31.8
广东59673上川岛2174 11277 23.1 21.9
广东59750雷州2096 11007 34.8 33.6
广东59754徐闻2024 11017 13 11.4
广东57988乐昌2511 11335 144.4 143.2
广东57989仁化2506 11376 113.9 112.7
广东57996南雄2508 11426 150.9 149.7